1 485 557 10 60 -50 1
1 0 100 10 700 0 0
1 465 0 10 518 0 0
1 465 600 10 150 0 0
1 505 0 10 900 0 0
1 10 462 10 98 90 0
1 10 337 10 98 90 0
1 95 580 6 96 0 0
1 126 650 6 70 75 0
1 95 220 6 96 0 0
1 126 179 6 70 -75 0
1 373 220 6 96 0 0
1 340 179 6 70 75 0
1 373 580 6 96 0 0
1 340 650 6 70 -75 0
1 45 703 10 125 67 2
1 420 703 10 125 -67 2
1 45 70 10 125 -67 2
1 412 75 10 107 67 2
1 418 195 13 95 0 3
1 360 105 13 120 65 2
2 424 289 8 0 0 3
2 423 193 9 0 0 3
1 418 610 13 95 0 3
1 360 674 13 120 -65 2
2 424 609 8 0 0 3
2 423 706 9 0 0 3
1 46 195 13 95 0 3
1 104 105 13 120 -65 2
2 52 289 8 0 0 3
2 53 193 9 0 0 3
1 46 610 13 95 0 3
1 104 674 13 120 65 2
2 52 609 8 0 0 3
2 53 706 9 0 0 3
1 90 372 10 95 44 4
1 90 432 10 95 -44 4
1 127 575 6 125 30 5
1 127 200 6 125 -30 5
1 340 575 6 125 -30 5
1 340 200 6 125 30 5
2 311 477 22 0 0 1
2 391 470 22 0 0 1
2 351 400 22 0 0 1
3 75 258 0 0 0 0
3 400 258 0 0 0 0
3 75 645 0 0 180 0
3 400 645 0 0 180 0